SP 47483 0.150177  0.989337  0.104748 -0.101193 -0.101193  0.994076  0.039655  0.104748 -0.028992  0.994076 -1.73205 -1.73205 -1.73205
SP 47484 0.150177  0.989337  0.101193 -0.104748 -0.104748  0.994076 -0.028992 0.101193 0.039655 0.994076 -1.73205 -1.73205 -1.73205
SP 47506 0.150177  0.994076  0.104748 -0.028992 -0.101193  0.989337  0.104748  0.039655 -0.101193  0.994076 -1.73205 -1.73205 -1.73205
SP 47507 0.114357   0.994062   0.103809 -0.0326237 -0.102621  0.994062 0.0361864  0.0361864 -0.0326237   0.998812 -1.73205 -1.73205 -1.73205
SP 47508 0.114357   0.994062   0.102621 -0.0361864  -0.103809   0.994062 -0.0326237 0.0326237 0.0361864  0.998812 -1.73205 -1.73205 -1.73205
SP 47509 0.150177  0.994076  0.101193 -0.039655 -0.104748  0.989337 -0.101193 0.028992 0.104748 0.994076 -1.73205 -1.73205 -1.73205
SP 47530 0.150177 0.994076 0.101193 0.039655 -0.104748  0.989337  0.101193 -0.028992 -0.104748  0.994076 -1.73205 -1.73205 -1.73205
SP 47531 0.114357  0.994062  0.102621 0.0361864 -0.103809  0.994062 0.0326237 -0.0326237 -0.0361864   0.998812 -1.73205 -1.73205 -1.73205
SP 47532 0.114357  0.994062  0.103809 0.0326237  -0.102621   0.994062 -0.0361864 -0.0361864  0.0326237   0.998812 -1.73205 -1.73205 -1.73205
SP 47533 0.150177 0.994076 0.104748 0.028992 -0.101193  0.989337 -0.104748 -0.039655  0.101193  0.994076 -1.73205 -1.73205 -1.73205
SP 47555 0.150177 0.989337 0.101193 0.104748 -0.104748  0.994076  0.028992 -0.101193 -0.039655  0.994076 -1.73205 -1.73205 -1.73205
SP 47556 0.150177 0.989337 0.104748 0.101193 -0.101193  0.994076 -0.039655 -0.104748  0.028992  0.994076 -1.73205 -1.73205 -1.73205
SP 48058 0.150177  0.994076  0.039655 -0.101193 -0.028992  0.994076  0.104748  0.104748 -0.101193  0.989337 -1.73205 -1.73205 -1.73205
SP 48059 0.114357  0.994062 0.0361864 -0.102621 -0.0326237   0.998812  0.0361864   0.103809 -0.0326237   0.994062 -1.73205 -1.73205 -1.73205
SP 48060 0.114357  0.994062 0.0326237 -0.103809 -0.0361864   0.998812 -0.0326237  0.102621 0.0361864  0.994062 -1.73205 -1.73205 -1.73205
SP 48061 0.150177  0.994076  0.028992 -0.104748 -0.039655  0.994076 -0.101193 0.101193 0.104748 0.989337 -1.73205 -1.73205 -1.73205
SP 48082 0.114357   0.998812  0.0361864 -0.0326237 -0.0326237   0.994062   0.103809 0.0361864 -0.102621  0.994062 -1.73205 -1.73205 -1.73205
SP 48083 0.0597683    0.99881  0.0350822 -0.0338917 -0.0338917    0.99881  0.0350822  0.0350822 -0.0338917    0.99881 -1.73205 -1.73205 -1.73205
SP 48084 0.0597683    0.99881  0.0338917 -0.0350822 -0.0350822    0.99881 -0.0338917 0.0338917 0.0350822   0.99881 -1.73205 -1.73205 -1.73205
SP 48085 0.114357   0.998812  0.0326237 -0.0361864 -0.0361864   0.994062  -0.102621 0.0326237  0.103809  0.994062 -1.73205 -1.73205 -1.73205
SP 48106 0.114357  0.998812 0.0326237 0.0361864 -0.0361864   0.994062   0.102621 -0.0326237  -0.103809   0.994062 -1.73205 -1.73205 -1.73205
SP 48107 0.0597683   0.99881 0.0338917 0.0350822 -0.0350822    0.99881  0.0338917 -0.0338917 -0.0350822    0.99881 -1.73205 -1.73205 -1.73205
SP 48108 0.0597683   0.99881 0.0350822 0.0338917 -0.0338917    0.99881 -0.0350822 -0.0350822  0.0338917    0.99881 -1.73205 -1.73205 -1.73205
SP 48109 0.114357  0.998812 0.0361864 0.0326237 -0.0326237   0.994062  -0.103809 -0.0361864   0.102621   0.994062 -1.73205 -1.73205 -1.73205
SP 48130 0.150177 0.994076 0.028992 0.104748 -0.039655  0.994076  0.101193 -0.101193 -0.104748  0.989337 -1.73205 -1.73205 -1.73205
SP 48131 0.114357  0.994062 0.0326237  0.103809 -0.0361864   0.998812  0.0326237  -0.102621 -0.0361864   0.994062 -1.73205 -1.73205 -1.73205
SP 48132 0.114357  0.994062 0.0361864  0.102621 -0.0326237   0.998812 -0.0361864 -0.103809 0.0326237  0.994062 -1.73205 -1.73205 -1.73205
SP 48133 0.150177 0.994076 0.039655 0.101193 -0.028992  0.994076 -0.104748 -0.104748  0.101193  0.989337 -1.73205 -1.73205 -1.73205
SP 48634 0.150177  0.994076 -0.028992 -0.104748 0.039655 0.994076 0.101193  0.101193 -0.104748  0.989337 -1.73205 -1.73205 -1.73205
SP 48635 0.114357   0.994062 -0.0326237  -0.103809 0.0361864  0.998812 0.0326237   0.102621 -0.0361864   0.994062 -1.73205 -1.73205 -1.73205
SP 48636 0.114357   0.994062 -0.0361864  -0.102621  0.0326237   0.998812 -0.0361864  0.103809 0.0326237  0.994062 -1.73205 -1.73205 -1.73205
SP 48637 0.150177  0.994076 -0.039655 -0.101193  0.028992  0.994076 -0.104748 0.104748 0.101193 0.989337 -1.73205 -1.73205 -1.73205
SP 48658 0.114357   0.998812 -0.0326237 -0.0361864 0.0361864  0.994062  0.102621 0.0326237 -0.103809  0.994062 -1.73205 -1.73205 -1.73205
SP 48659 0.0597683    0.99881 -0.0338917 -0.0350822 0.0350822   0.99881 0.0338917  0.0338917 -0.0350822    0.99881 -1.73205 -1.73205 -1.73205
SP 48660 0.0597683    0.99881 -0.0350822 -0.0338917  0.0338917    0.99881 -0.0350822 0.0350822 0.0338917   0.99881 -1.73205 -1.73205 -1.73205
SP 48661 0.114357   0.998812 -0.0361864 -0.0326237 0.0326237  0.994062 -0.103809 0.0361864  0.102621  0.994062 -1.73205 -1.73205 -1.73205
SP 48682 0.114357   0.998812 -0.0361864  0.0326237 0.0326237  0.994062  0.103809 -0.0361864  -0.102621   0.994062 -1.73205 -1.73205 -1.73205
SP 48683 0.0597683    0.99881 -0.0350822  0.0338917 0.0338917   0.99881 0.0350822 -0.0350822 -0.0338917    0.99881 -1.73205 -1.73205 -1.73205
SP 48684 0.0597683    0.99881 -0.0338917  0.0350822  0.0350822    0.99881 -0.0338917 -0.0338917  0.0350822    0.99881 -1.73205 -1.73205 -1.73205
SP 48685 0.114357   0.998812 -0.0326237  0.0361864 0.0361864  0.994062 -0.102621 -0.0326237   0.103809   0.994062 -1.73205 -1.73205 -1.73205
SP 48706 0.150177  0.994076 -0.039655  0.101193 0.028992 0.994076 0.104748 -0.104748 -0.101193  0.989337 -1.73205 -1.73205 -1.73205
SP 48707 0.114357   0.994062 -0.0361864   0.102621 0.0326237  0.998812 0.0361864  -0.103809 -0.0326237   0.994062 -1.73205 -1.73205 -1.73205
SP 48708 0.114357   0.994062 -0.0326237   0.103809  0.0361864   0.998812 -0.0326237 -0.102621 0.0361864  0.994062 -1.73205 -1.73205 -1.73205
SP 48709 0.150177  0.994076 -0.028992  0.104748  0.039655  0.994076 -0.101193 -0.101193  0.104748  0.989337 -1.73205 -1.73205 -1.73205
SP 49211 0.150177  0.989337 -0.101193 -0.104748 0.104748 0.994076 0.028992  0.101193 -0.039655  0.994076 -1.73205 -1.73205 -1.73205
SP 49212 0.150177  0.989337 -0.104748 -0.101193  0.101193  0.994076 -0.039655 0.104748 0.028992 0.994076 -1.73205 -1.73205 -1.73205
SP 49234 0.150177  0.994076 -0.101193 -0.039655 0.104748 0.989337 0.101193  0.028992 -0.104748  0.994076 -1.73205 -1.73205 -1.73205
SP 49235 0.114357   0.994062  -0.102621 -0.0361864  0.103809  0.994062 0.0326237  0.0326237 -0.0361864   0.998812 -1.73205 -1.73205 -1.73205
SP 49236 0.114357   0.994062  -0.103809 -0.0326237   0.102621   0.994062 -0.0361864 0.0361864 0.0326237  0.998812 -1.73205 -1.73205 -1.73205
SP 49237 0.150177  0.994076 -0.104748 -0.028992  0.101193  0.989337 -0.104748 0.039655 0.101193 0.994076 -1.73205 -1.73205 -1.73205
SP 49258 0.150177  0.994076 -0.104748  0.028992 0.101193 0.989337 0.104748 -0.039655 -0.101193  0.994076 -1.73205 -1.73205 -1.73205
SP 49259 0.114357  0.994062 -0.103809 0.0326237  0.102621  0.994062 0.0361864 -0.0361864 -0.0326237   0.998812 -1.73205 -1.73205 -1.73205
SP 49260 0.114357  0.994062 -0.102621 0.0361864   0.103809   0.994062 -0.0326237 -0.0326237  0.0361864   0.998812 -1.73205 -1.73205 -1.73205
SP 49261 0.150177  0.994076 -0.101193  0.039655  0.104748  0.989337 -0.101193 -0.028992  0.104748  0.994076 -1.73205 -1.73205 -1.73205
SP 49283 0.150177  0.989337 -0.104748  0.101193 0.101193 0.994076 0.039655 -0.104748 -0.028992  0.994076 -1.73205 -1.73205 -1.73205
SP 49284 0.150177  0.989337 -0.101193  0.104748  0.104748  0.994076 -0.028992 -0.101193  0.039655  0.994076 -1.73205 -1.73205 -1.73205
SP 379259 0.150177  0.989337  0.104748 -0.101193 -0.101193  0.994076  0.039655  0.104748 -0.028992  0.994076 -1.03923 -1.73205 -1.73205
SP 379260 0.150177  0.989337  0.101193 -0.104748 -0.104748  0.994076 -0.028992 0.101193 0.039655 0.994076 -1.03923 -1.73205 -1.73205
SP 379282 0.150177  0.994076  0.104748 -0.028992 -0.101193  0.989337  0.104748  0.039655 -0.101193  0.994076 -1.03923 -1.73205 -1.73205
SP 379283 0.114357   0.994062   0.103809 -0.0326237 -0.102621  0.994062 0.0361864  0.0361864 -0.0326237   0.998812 -1.03923 -1.73205 -1.73205
SP 379284 0.114357   0.994062   0.102621 -0.0361864  -0.103809   0.994062 -0.0326237 0.0326237 0.0361864  0.998812 -1.03923 -1.73205 -1.73205
SP 379285 0.150177  0.994076  0.101193 -0.039655 -0.104748  0.989337 -0.101193 0.028992 0.104748 0.994076 -1.03923 -1.73205 -1.73205
SP 379306 0.150177 0.994076 0.101193 0.039655 -0.104748  0.989337  0.101193 -0.028992 -0.104748  0.994076 -1.03923 -1.73205 -1.73205
SP 379307 0.114357  0.994062  0.102621 0.0361864 -0.103809  0.994062 0.0326237 -0.0326237 -0.0361864   0.998812 -1.03923 -1.73205 -1.73205
SP 379308 0.114357  0.994062  0.103809 0.0326237  -0.102621   0.994062 -0.0361864 -0.0361864  0.0326237   0.998812 -1.03923 -1.73205 -1.73205
SP 379309 0.150177 0.994076 0.104748 0.028992 -0.101193  0.989337 -0.104748 -0.039655  0.101193  0.994076 -1.03923 -1.73205 -1.73205
SP 379331 0.150177 0.989337 0.101193 0.104748 -0.104748  0.994076  0.028992 -0.101193 -0.039655  0.994076 -1.03923 -1.73205 -1.73205
SP 379332 0.150177 0.989337 0.104748 0.101193 -0.101193  0.994076 -0.039655 -0.104748  0.028992  0.994076 -1.03923 -1.73205 -1.73205
SP 379834 0.150177  0.994076  0.039655 -0.101193 -0.028992  0.994076  0.104748  0.104748 -0.101193  0.989337 -1.03923 -1.73205 -1.73205
SP 379835 0.114357  0.994062 0.0361864 -0.102621 -0.0326237   0.998812  0.0361864   0.103809 -0.0326237   0.994062 -1.03923 -1.73205 -1.73205
SP 379836 0.114357  0.994062 0.0326237 -0.103809 -0.0361864   0.998812 -0.0326237  0.102621 0.0361864  0.994062 -1.03923 -1.73205 -1.73205
SP 379837 0.150177  0.994076  0.028992 -0.104748 -0.039655  0.994076 -0.101193 0.101193 0.104748 0.989337 -1.03923 -1.73205 -1.73205
SP 379858 0.114357   0.998812  0.0361864 -0.0326237 -0.0326237   0.994062   0.103809 0.0361864 -0.102621  0.994062 -1.03923 -1.73205 -1.73205
SP 379859 0.0597683    0.99881  0.0350822 -0.0338917 -0.0338917    0.99881  0.0350822  0.0350822 -0.0338917    0.99881 -1.03923 -1.73205 -1.73205
SP 379860 0.0597683    0.99881  0.0338917 -0.0350822 -0.0350822    0.99881 -0.0338917 0.0338917 0.0350822   0.99881 -1.03923 -1.73205 -1.73205
SP 379861 0.114357   0.998812  0.0326237 -0.0361864 -0.0361864   0.994062  -0.102621 0.0326237  0.103809  0.994062 -1.03923 -1.73205 -1.73205
SP 379882 0.114357  0.998812 0.0326237 0.0361864 -0.0361864   0.994062   0.102621 -0.0326237  -0.103809   0.994062 -1.03923 -1.73205 -1.73205
SP 379883 0.0597683   0.99881 0.0338917 0.0350822 -0.0350822    0.99881  0.0338917 -0.0338917 -0.0350822    0.99881 -1.03923 -1.73205 -1.73205
SP 379884 0.0597683   0.99881 0.0350822 0.0338917 -0.0338917    0.99881 -0.0350822 -0.0350822  0.0338917    0.99881 -1.03923 -1.73205 -1.73205
SP 379885 0.114357  0.998812 0.0361864 0.0326237 -0.0326237   0.994062  -0.103809 -0.0361864   0.102621   0.994062 -1.03923 -1.73205 -1.73205
SP 379906 0.150177 0.994076 0.028992 0.104748 -0.039655  0.994076  0.101193 -0.101193 -0.104748  0.989337 -1.03923 -1.73205 -1.73205
SP 379907 0.114357  0.994062 0.0326237  0.103809 -0.0361864   0.998812  0.0326237  -0.102621 -0.0361864   0.994062 -1.03923 -1.73205 -1.73205
SP 379908 0.114357  0.994062 0.0361864  0.102621 -0.0326237   0.998812 -0.0361864 -0.103809 0.0326237  0.994062 -1.03923 -1.73205 -1.73205
SP 379909 0.150177 0.994076 0.039655 0.101193 -0.028992  0.994076 -0.104748 -0.104748  0.101193  0.989337 -1.03923 -1.73205 -1.73205
SP 380410 0.150177  0.994076 -0.028992 -0.104748 0.039655 0.994076 0.101193  0.101193 -0.104748  0.989337 -1.03923 -1.73205 -1.73205
SP 380411 0.114357   0.994062 -0.0326237  -0.103809 0.0361864  0.998812 0.0326237   0.102621 -0.0361864   0.994062 -1.03923 -1.73205 -1.73205
SP 380412 0.114357   0.994062 -0.0361864  -0.102621  0.0326237   0.998812 -0.0361864  0.103809 0.0326237  0.994062 -1.03923 -1.73205 -1.73205
SP 380413 0.150177  0.994076 -0.039655 -0.101193  0.028992  0.994076 -0.104748 0.104748 0.101193 0.989337 -1.03923 -1.73205 -1.73205
SP 380434 0.114357   0.998812 -0.0326237 -0.0361864 0.0361864  0.994062  0.102621 0.0326237 -0.103809  0.994062 -1.03923 -1.73205 -1.73205
SP 380435 0.0597683    0.99881 -0.0338917 -0.0350822 0.0350822   0.99881 0.0338917  0.0338917 -0.0350822    0.99881 -1.03923 -1.73205 -1.73205
SP 380436 0.0597683    0.99881 -0.0350822 -0.0338917  0.0338917    0.99881 -0.0350822 0.0350822 0.0338917   0.99881 -1.03923 -1.73205 -1.73205
SP 380437 0.114357   0.998812 -0.0361864 -0.0326237 0.0326237  0.994062 -0.103809 0.0361864  0.102621  0.994062 -1.03923 -1.73205 -1.73205
SP 380458 0.114357   0.998812 -0.0361864  0.0326237 0.0326237  0.994062  0.103809 -0.0361864  -0.102621   0.994062 -1.03923 -1.73205 -1.73205
SP 380459 0.0597683    0.99881 -0.0350822  0.0338917 0.0338917   0.99881 0.0350822 -0.0350822 -0.0338917    0.99881 -1.03923 -1.73205 -1.73205
SP 380460 0.0597683    0.99881 -0.0338917  0.0350822  0.0350822    0.99881 -0.0338917 -0.0338917  0.0350822    0.99881 -1.03923 -1.73205 -1.73205
SP 380461 0.114357   0.998812 -0.0326237  0.0361864 0.0361864  0.994062 -0.102621 -0.0326237   0.103809   0.994062 -1.03923 -1.73205 -1.73205
SP 380482 0.150177  0.994076 -0.039655  0.101193 0.028992 0.994076 0.104748 -0.104748 -0.101193  0.989337 -1.03923 -1.73205 -1.73205
SP 380483 0.114357   0.994062 -0.0361864   0.102621 0.0326237  0.998812 0.0361864  -0.103809 -0.0326237   0.994062 -1.03923 -1.73205 -1.73205
SP 380484 0.114357   0.994062 -0.0326237   0.103809  0.0361864   0.998812 -0.0326237 -0.102621 0.0361864  0.994062 -1.03923 -1.73205 -1.73205
SP 380485 0.150177  0.994076 -0.028992  0.104748  0.039655  0.994076 -0.101193 -0.101193  0.104748  0.989337 -1.03923 -1.73205 -1.73205
SP 380987 0.150177  0.989337 -0.101193 -0.104748 0.104748 0.994076 0.028992  0.101193 -0.039655  0.994076 -1.03923 -1.73205 -1.73205
SP 380988 0.150177  0.989337 -0.104748 -0.101193  0.101193  0.994076 -0.039655 0.104748 0.028992 0.994076 -1.03923 -1.73205 -1.73205
SP 381010 0.150177  0.994076 -0.101193 -0.039655 0.104748 0.989337 0.101193  0.028992 -0.104748  0.994076 -1.03923 -1.73205 -1.73205
SP 381011 0.114357   0.994062  -0.102621 -0.0361864  0.103809  0.994062 0.0326237  0.0326237 -0.0361864   0.998812 -1.03923 -1.73205 -1.73205
SP 381012 0.114357   0.994062  -0.103809 -0.0326237   0.102621   0.994062 -0.0361864 0.0361864 0.0326237  0.998812 -1.03923 -1.73205 -1.73205
SP 381013 0.150177  0.994076 -0.104748 -0.028992  0.101193  0.989337 -0.104748 0.039655 0.101193 0.994076 -1.03923 -1.73205 -1.73205
SP 381034 0.150177  0.994076 -0.104748  0.028992 0.101193 0.989337 0.104748 -0.039655 -0.101193  0.994076 -1.03923 -1.73205 -1.73205
SP 381035 0.114357  0.994062 -0.103809 0.0326237  0.102621  0.994062 0.0361864 -0.0361864 -0.0326237   0.998812 -1.03923 -1.73205 -1.73205
SP 381036 0.114357  0.994062 -0.102621 0.0361864   0.103809   0.994062 -0.0326237 -0.0326237  0.0361864   0.998812 -1.03923 -1.73205 -1.73205
SP 381037 0.150177  0.994076 -0.101193  0.039655  0.104748  0.989337 -0.101193 -0.028992  0.104748  0.994076 -1.03923 -1.73205 -1.73205
SP 381059 0.150177  0.989337 -0.104748  0.101193 0.101193 0.994076 0.039655 -0.104748 -0.028992  0.994076 -1.03923 -1.73205 -1.73205
SP 381060 0.150177  0.989337 -0.101193  0.104748  0.104748  0.994076 -0.028992 -0.101193  0.039655  0.994076 -1.03923 -1.73205 -1.73205
SP 711035 0.150177  0.989337  0.104748 -0.101193 -0.101193  0.994076  0.039655  0.104748 -0.028992  0.994076 -0.34641 -1.73205 -1.73205
SP 711036 0.150177  0.989337  0.101193 -0.104748 -0.104748  0.994076 -0.028992 0.101193 0.039655 0.994076 -0.34641 -1.73205 -1.73205
SP 711058 0.150177  0.994076  0.104748 -0.028992 -0.101193  0.989337  0.104748  0.039655 -0.101193  0.994076 -0.34641 -1.73205 -1.73205
SP 711059 0.114357   0.994062   0.103809 -0.0326237 -0.102621  0.994062 0.0361864  0.0361864 -0.0326237   0.998812 -0.34641 -1.73205 -1.73205
SP 711060 0.114357   0.994062   0.102621 -0.0361864  -0.103809   0.994062 -0.0326237 0.0326237 0.0361864  0.998812 -0.34641 -1.73205 -1.73205
SP 711061 0.150177  0.994076  0.101193 -0.039655 -0.104748  0.989337 -0.101193 0.028992 0.104748 0.994076 -0.34641 -1.73205 -1.73205
SP 711082 0.150177 0.994076 0.101193 0.039655 -0.104748  0.989337  0.101193 -0.028992 -0.104748  0.994076 -0.34641 -1.73205 -1.73205
SP 711083 0.114357  0.994062  0.102621 0.0361864 -0.103809  0.994062 0.0326237 -0.0326237 -0.0361864   0.998812 -0.34641 -1.73205 -1.73205
SP 711084 0.114357  0.994062  0.103809 0.0326237  -0.102621   0.994062 -0.0361864 -0.0361864  0.0326237   0.998812 -0.34641 -1.73205 -1.73205
SP 711085 0.150177 0.994076 0.104748 0.028992 -0.101193  0.989337 -0.104748 -0.039655  0.101193  0.994076 -0.34641 -1.73205 -1.73205
SP 711107 0.150177 0.989337 0.101193 0.104748 -0.104748  0.994076  0.028992 -0.101193 -0.039655  0.994076 -0.34641 -1.73205 -1.73205
SP 711108 0.150177 0.989337 0.104748 0.101193 -0.101193  0.994076 -0.039655 -0.104748  0.028992  0.994076 -0.34641 -1.73205 -1.73205
SP 711610 0.150177  0.994076  0.039655 -0.101193 -0.028992  0.994076  0.104748  0.104748 -0.101193  0.989337 -0.34641 -1.73205 -1.73205
SP 711611 0.114357  0.994062 0.0361864 -0.102621 -0.0326237   0.998812  0.0361864   0.103809 -0.0326237   0.994062 -0.34641 -1.73205 -1.73205
SP 711612 0.114357  0.994062 0.0326237 -0.103809 -0.0361864   0.998812 -0.0326237  0.102621 0.0361864  0.994062 -0.34641 -1.73205 -1.73205
SP 711613 0.150177  0.994076  0.028992 -0.104748 -0.039655  0.994076 -0.101193 0.101193 0.104748 0.989337 -0.34641 -1.73205 -1.73205
SP 711634 0.114357   0.998812  0.0361864 -0.0326237 -0.0326237   0.994062   0.103809 0.0361864 -0.102621  0.994062 -0.34641 -1.73205 -1.73205
SP 711635 0.0597683    0.99881  0.0350822 -0.0338917 -0.0338917    0.99881  0.0350822  0.0350822 -0.0338917    0.99881 -0.34641 -1.73205 -1.73205
SP 711636 0.0597683    0.99881  0.0338917 -0.0350822 -0.0350822    0.99881 -0.0338917 0.0338917 0.0350822   0.99881 -0.34641 -1.73205 -1.73205
SP 711637 0.114357   0.998812  0.0326237 -0.0361864 -0.0361864   0.994062  -0.102621 0.0326237  0.103809  0.994062 -0.34641 -1.73205 -1.73205
SP 711658 0.114357  0.998812 0.0326237 0.0361864 -0.0361864   0.994062   0.102621 -0.0326237  -0.103809   0.994062 -0.34641 -1.73205 -1.73205
SP 711659 0.0597683   0.99881 0.0338917 0.0350822 -0.0350822    0.99881  0.0338917 -0.0338917 -0.0350822    0.99881 -0.34641 -1.73205 -1.73205
SP 711660 0.0597683   0.99881 0.0350822 0.0338917 -0.0338917    0.99881 -0.0350822 -0.0350822  0.0338917    0.99881 -0.34641 -1.73205 -1.73205
SP 711661 0.114357  0.998812 0.0361864 0.0326237 -0.0326237   0.994062  -0.103809 -0.0361864   0.102621   0.994062 -0.34641 -1.73205 -1.73205
SP 711682 0.150177 0.994076 0.028992 0.104748 -0.039655  0.994076  0.101193 -0.101193 -0.104748  0.989337 -0.34641 -1.73205 -1.73205
SP 711683 0.114357  0.994062 0.0326237  0.103809 -0.0361864   0.998812  0.0326237  -0.102621 -0.0361864   0.994062 -0.34641 -1.73205 -1.73205
SP 711684 0.114357  0.994062 0.0361864  0.102621 -0.0326237   0.998812 -0.0361864 -0.103809 0.0326237  0.994062 -0.34641 -1.73205 -1.73205
SP 711685 0.150177 0.994076 0.039655 0.101193 -0.028992  0.994076 -0.104748 -0.104748  0.101193  0.989337 -0.34641 -1.73205 -1.73205
SP 712186 0.150177  0.994076 -0.028992 -0.104748 0.039655 0.994076 0.101193  0.101193 -0.104748  0.989337 -0.34641 -1.73205 -1.73205
SP 712187 0.114357   0.994062 -0.0326237  -0.103809 0.0361864  0.998812 0.0326237   0.102621 -0.0361864   0.994062 -0.34641 -1.73205 -1.73205
SP 712188 0.114357   0.994062 -0.0361864  -0.102621  0.0326237   0.998812 -0.0361864  0.103809 0.0326237  0.994062 -0.34641 -1.73205 -1.73205
SP 712189 0.150177  0.994076 -0.039655 -0.101193  0.028992  0.994076 -0.104748 0.104748 0.101193 0.989337 -0.34641 -1.73205 -1.73205
SP 712210 0.114357   0.998812 -0.0326237 -0.0361864 0.0361864  0.994062  0.102621 0.0326237 -0.103809  0.994062 -0.34641 -1.73205 -1.73205
SP 712211 0.0597683    0.99881 -0.0338917 -0.0350822 0.0350822   0.99881 0.0338917  0.0338917 -0.0350822    0.99881 -0.34641 -1.73205 -1.73205
SP 712212 0.0597683    0.99881 -0.0350822 -0.0338917  0.0338917    0.99881 -0.0350822 0.0350822 0.0338917   0.99881 -0.34641 -1.73205 -1.73205
SP 712213 0.114357   0.998812 -0.0361864 -0.0326237 0.0326237  0.994062 -0.103809 0.0361864  0.102621  0.994062 -0.34641 -1.73205 -1.73205
SP 712234 0.114357   0.998812 -0.0361864  0.0326237 0.0326237  0.994062  0.103809 -0.0361864  -0.102621   0.994062 -0.34641 -1.73205 -1.73205
SP 712235 0.0597683    0.99881 -0.0350822  0.0338917 0.0338917   0.99881 0.0350822 -0.0350822 -0.0338917    0.99881 -0.34641 -1.73205 -1.73205
SP 712236 0.0597683    0.99881 -0.0338917  0.0350822  0.0350822    0.99881 -0.0338917 -0.0338917  0.0350822    0.99881 -0.34641 -1.73205 -1.73205
SP 712237 0.114357   0.998812 -0.0326237  0.0361864 0.0361864  0.994062 -0.102621 -0.0326237   0.103809   0.994062 -0.34641 -1.73205 -1.73205
SP 712258 0.150177  0.994076 -0.039655  0.101193 0.028992 0.994076 0.104748 -0.104748 -0.101193  0.989337 -0.34641 -1.73205 -1.73205
SP 712259 0.114357   0.994062 -0.0361864   0.102621 0.0326237  0.998812 0.0361864  -0.103809 -0.0326237   0.994062 -0.34641 -1.73205 -1.73205
SP 712260 0.114357   0.994062 -0.0326237   0.103809  0.0361864   0.998812 -0.0326237 -0.102621 0.0361864  0.994062 -0.34641 -1.73205 -1.73205
SP 712261 0.150177  0.994076 -0.028992  0.104748  0.039655  0.994076 -0.101193 -0.101193  0.104748  0.989337 -0.34641 -1.73205 -1.73205
SP 712763 0.150177  0.989337 -0.101193 -0.104748 0.104748 0.994076 0.028992  0.101193 -0.039655  0.994076 -0.34641 -1.73205 -1.73205
SP 712764 0.150177  0.989337 -0.104748 -0.101193  0.101193  0.994076 -0.039655 0.104748 0.028992 0.994076 -0.34641 -1.73205 -1.73205
SP 712786 0.150177  0.994076 -0.101193 -0.039655 0.104748 0.989337 0.101193  0.028992 -0.104748  0.994076 -0.34641 -1.73205 -1.73205
SP 712787 0.114357   0.994062  -0.102621 -0.0361864  0.103809  0.994062 0.0326237  0.0326237 -0.0361864   0.998812 -0.34641 -1.73205 -1.73205
SP 712788 0.114357   0.994062  -0.103809 -0.0326237   0.102621   0.994062 -0.0361864 0.0361864 0.0326237  0.998812 -0.34641 -1.73205 -1.73205
SP 712789 0.150177  0.994076 -0.104748 -0.028992  0.101193  0.989337 -0.104748 0.039655 0.101193 0.994076 -0.34641 -1.73205 -1.73205
SP 712810 0.150177  0.994076 -0.104748  0.028992 0.101193 0.989337 0.104748 -0.039655 -0.101193  0.994076 -0.34641 -1.73205 -1.73205
SP 712811 0.114357  0.994062 -0.103809 0.0326237  0.102621  0.994062 0.0361864 -0.0361864 -0.0326237   0.998812 -0.34641 -1.73205 -1.73205
SP 712812 0.114357  0.994062 -0.102621 0.0361864   0.103809   0.994062 -0.0326237 -0.0326237  0.0361864   0.998812 -0.34641 -1.73205 -1.73205
SP 712813 0.150177  0.994076 -0.101193  0.039655  0.104748  0.989337 -0.101193 -0.028992  0.104748  0.994076 -0.34641 -1.73205 -1.73205
SP 712835 0.150177  0.989337 -0.104748  0.101193 0.101193 0.994076 0.039655 -0.104748 -0.028992  0.994076 -0.34641 -1.73205 -1.73205
SP 712836 0.150177  0.989337 -0.101193  0.104748  0.104748  0.994076 -0.028992 -0.101193  0.039655  0.994076 -0.34641 -1.73205 -1.73205
SP 1042811 0.150177  0.989337  0.104748 -0.101193 -0.101193  0.994076  0.039655  0.104748 -0.028992  0.994076 0.34641 -1.73205 -1.73205
SP 1042812 0.150177  0.989337  0.101193 -0.104748 -0.104748  0.994076 -0.028992 0.101193 0.039655 0.994076 0.34641 -1.73205 -1.73205
SP 1042834 0.150177  0.994076  0.104748 -0.028992 -0.101193  0.989337  0.104748  0.039655 -0.101193  0.994076 0.34641 -1.73205 -1.73205
SP 1042835 0.114357   0.994062   0.103809 -0.0326237 -0.102621  0.994062 0.0361864  0.0361864 -0.0326237   0.998812 0.34641 -1.73205 -1.73205
SP 1042836 0.114357   0.994062   0.102621 -0.0361864  -0.103809   0.994062 -0.0326237 0.0326237 0.0361864  0.998812 0.34641 -1.73205 -1.73205
SP 1042837 0.150177  0.994076  0.101193 -0.039655 -0.104748  0.989337 -0.101193 0.028992 0.104748 0.994076 0.34641 -1.73205 -1.73205
SP 1042858 0.150177 0.994076 0.101193 0.039655 -0.104748  0.989337  0.101193 -0.028992 -0.104748  0.994076 0.34641 -1.73205 -1.73205
SP 1042859 0.114357  0.994062  0.102621 0.0361864 -0.103809  0.994062 0.0326237 -0.0326237 -0.0361864   0.998812 0.34641 -1.73205 -1.73205
SP 1042860 0.114357  0.994062  0.103809 0.0326237  -0.102621   0.994062 -0.0361864 -0.0361864  0.0326237   0.998812 0.34641 -1.73205 -1.73205
SP 1042861 0.150177 0.994076 0.104748 0.028992 -0.101193  0.989337 -0.104748 -0.039655  0.101193  0.994076 0.34641 -1.73205 -1.73205
SP 1042883 0.150177 0.989337 0.101193 0.104748 -0.104748  0.994076  0.028992 -0.101193 -0.039655  0.994076 0.34641 -1.73205 -1.73205
SP 1042884 0.150177 0.989337 0.104748 0.101193 -0.101193  0.994076 -0.039655 -0.104748  0.028992  0.994076 0.34641 -1.73205 -1.73205
SP 1043386 0.150177  0.994076  0.039655 -0.101193 -0.028992  0.994076  0.104748  0.104748 -0.101193  0.989337 0.34641 -1.73205 -1.73205
SP 1043387 0.114357  0.994062 0.0361864 -0.102621 -0.0326237   0.998812  0.0361864   0.103809 -0.0326237   0.994062 0.34641 -1.73205 -1.73205
SP 1043388 0.114357  0.994062 0.0326237 -0.103809 -0.0361864   0.998812 -0.0326237  0.102621 0.0361864  0.994062 0.34641 -1.73205 -1.73205
SP 1043389 0.150177  0.994076  0.028992 -0.104748 -0.039655  0.994076 -0.101193 0.101193 0.104748 0.989337 0.34641 -1.73205 -1.73205
SP 1043410 0.114357   0.998812  0.0361864 -0.0326237 -0.0326237   0.994062   0.103809 0.0361864 -0.102621  0.994062 0.34641 -1.73205 -1.73205
SP 1043411 0.0597683    0.99881  0.0350822 -0.0338917 -0.0338917    0.99881  0.0350822  0.0350822 -0.0338917    0.99881 0.34641 -1.73205 -1.73205
SP 1043412 0.0597683    0.99881  0.0338917 -0.0350822 -0.0350822    0.99881 -0.0338917 0.0338917 0.0350822   0.99881 0.34641 -1.73205 -1.73205
SP 1043413 0.114357   0.998812  0.0326237 -0.0361864 -0.0361864   0.994062  -0.102621 0.0326237  0.103809  0.994062 0.34641 -1.73205 -1.73205
SP 1043434 0.114357  0.998812 0.0326237 0.0361864 -0.0361864   0.994062   0.102621 -0.0326237  -0.103809   0.994062 0.34641 -1.73205 -1.73205
SP 1043435 0.0597683   0.99881 0.0338917 0.0350822 -0.0350822    0.99881  0.0338917 -0.0338917 -0.0350822    0.99881 0.34641 -1.73205 -1.73205
SP 1043436 0.0597683   0.99881 0.0350822 0.0338917 -0.0338917    0.99881 -0.0350822 -0.0350822  0.0338917    0.99881 0.34641 -1.73205 -1.73205
SP 1043437 0.114357  0.998812 0.0361864 0.0326237 -0.0326237   0.994062  -0.103809 -0.0361864   0.102621   0.994062 0.34641 -1.73205 -1.73205
SP 1043458 0.150177 0.994076 0.028992 0.104748 -0.039655  0.994076  0.101193 -0.101193 -0.104748  0.989337 0.34641 -1.73205 -1.73205
SP 1043459 0.114357  0.994062 0.0326237  0.103809 -0.0361864   0.998812  0.0326237  -0.102621 -0.0361864   0.994062 0.34641 -1.73205 -1.73205
SP 1043460 0.114357  0.994062 0.0361864  0.102621 -0.0326237   0.998812 -0.0361864 -0.103809 0.0326237  0.994062 0.34641 -1.73205 -1.73205
SP 1043461 0.150177 0.994076 0.039655 0.101193 -0.028992  0.994076 -0.104748 -0.104748  0.101193  0.989337 0.34641 -1.73205 -1.73205
SP 1043962 0.150177  0.994076 -0.028992 -0.104748 0.039655 0.994076 0.101193  0.101193 -0.104748  0.989337 0.34641 -1.73205 -1.73205
SP 1043963 0.114357   0.994062 -0.0326237  -0.103809 0.0361864  0.998812 0.0326237   0.102621 -0.0361864   0.994062 0.34641 -1.73205 -1.73205
SP 1043964 0.114357   0.994062 -0.0361864  -0.102621  0.0326237   0.998812 -0.0361864  0.103809 0.0326237  0.994062 0.34641 -1.73205 -1.73205
SP 1043965 0.150177  0.994076 -0.039655 -0.101193  0.028992  0.994076 -0.104748 0.104748 0.101193 0.989337 0.34641 -1.73205 -1.73205
SP 1043986 0.114357   0.998812 -0.0326237 -0.0361864 0.0361864  0.994062  0.102621 0.0326237 -0.103809  0.994062 0.34641 -1.73205 -1.73205
SP 1043987 0.0597683    0.99881 -0.0338917 -0.0350822 0.0350822   0.99881 0.0338917  0.0338917 -0.0350822    0.99881 0.34641 -1.73205 -1.73205
SP 1043988 0.0597683    0.99881 -0.0350822 -0.0338917  0.0338917    0.99881 -0.0350822 0.0350822 0.0338917   0.99881 0.34641 -1.73205 -1.73205
SP 1043989 0.114357   0.998812 -0.0361864 -0.0326237 0.0326237  0.994062 -0.103809 0.0361864  0.102621  0.994062 0.34641 -1.73205 -1.73205
SP 1044010 0.114357   0.998812 -0.0361864  0.0326237 0.0326237  0.994062  0.103809 -0.0361864  -0.102621   0.994062 0.34641 -1.73205 -1.73205
SP 1044011 0.0597683    0.99881 -0.0350822  0.0338917 0.0338917   0.99881 0.0350822 -0.0350822 -0.0338917    0.99881 0.34641 -1.73205 -1.73205
SP 1044012 0.0597683    0.99881 -0.0338917  0.0350822  0.0350822    0.99881 -0.0338917 -0.0338917  0.0350822    0.99881 0.34641 -1.73205 -1.73205
SP 1044013 0.114357   0.998812 -0.0326237  0.0361864 0.0361864  0.994062 -0.102621 -0.0326237   0.103809   0.994062 0.34641 -1.73205 -1.73205
SP 1044034 0.150177  0.994076 -0.039655  0.101193 0.028992 0.994076 0.104748 -0.104748 -0.101193  0.989337 0.34641 -1.73205 -1.73205
SP 1044035 0.114357   0.994062 -0.0361864   0.102621 0.0326237  0.998812 0.0361864  -0.103809 -0.0326237   0.994062 0.34641 -1.73205 -1.73205
SP 1044036 0.114357   0.994062 -0.0326237   0.103809  0.0361864   0.998812 -0.0326237 -0.102621 0.0361864  0.994062 0.34641 -1.73205 -1.73205
SP 1044037 0.150177  0.994076 -0.028992  0.104748  0.039655  0.994076 -0.101193 -0.101193  0.104748  0.989337 0.34641 -1.73205 -1.73205
SP 1044539 0.150177  0.989337 -0.101193 -0.104748 0.104748 0.994076 0.028992  0.101193 -0.039655  0.994076 0.34641 -1.73205 -1.73205
SP 1044540 0.150177  0.989337 -0.104748 -0.101193  0.101193  0.994076 -0.039655 0.104748 0.028992 0.994076 0.34641 -1.73205 -1.73205
SP 1044562 0.150177  0.994076 -0.101193 -0.039655 0.104748 0.989337 0.101193  0.028992 -0.104748  0.994076 0.34641 -1.73205 -1.73205
SP 1044563 0.114357   0.994062  -0.102621 -0.0361864  0.103809  0.994062 0.0326237  0.0326237 -0.0361864   0.998812 0.34641 -1.73205 -1.73205
SP 1044564 0.114357   0.994062  -0.103809 -0.0326237   0.102621   0.994062 -0.0361864 0.0361864 0.0326237  0.998812 0.34641 -1.73205 -1.73205
SP 1044565 0.150177  0.994076 -0.104748 -0.028992  0.101193  0.989337 -0.104748 0.039655 0.101193 0.994076 0.34641 -1.73205 -1.73205
SP 1044586 0.150177  0.994076 -0.104748  0.028992 0.101193 0.989337 0.104748 -0.039655 -0.101193  0.994076 0.34641 -1.73205 -1.73205
SP 1044587 0.114357  0.994062 -0.103809 0.0326237  0.102621  0.994062 0.0361864 -0.0361864 -0.0326237   0.998812 0.34641 -1.73205 -1.73205
SP 1044588 0.114357  0.994062 -0.102621 0.0361864   0.103809   0.994062 -0.0326237 -0.0326237  0.0361864   0.998812 0.34641 -1.73205 -1.73205
SP 1044589 0.150177  0.994076 -0.101193  0.039655  0.104748  0.989337 -0.101193 -0.028992  0.104748  0.994076 0.34641 -1.73205 -1.73205
SP 1044611 0.150177  0.989337 -0.104748  0.101193 0.101193 0.994076 0.039655 -0.104748 -0.028992  0.994076 0.34641 -1.73205 -1.73205
SP 1044612 0.150177  0.989337 -0.101193  0.104748  0.104748  0.994076 -0.028992 -0.101193  0.039655  0.994076 0.34641 -1.73205 -1.73205
SP 1374587 0.150177  0.989337  0.104748 -0.101193 -0.101193  0.994076  0.039655  0.104748 -0.028992  0.994076 1.03923 -1.73205 -1.73205
SP 1374588 0.150177  0.989337  0.101193 -0.104748 -0.104748  0.994076 -0.028992 0.101193 0.039655 0.994076 1.03923 -1.73205 -1.73205
SP 1374610 0.150177  0.994076  0.104748 -0.028992 -0.101193  0.989337  0.104748  0.039655 -0.101193  0.994076 1.03923 -1.73205 -1.73205
SP 1374611 0.114357   0.994062   0.103809 -0.0326237 -0.102621  0.994062 0.0361864  0.0361864 -0.0326237   0.998812 1.03923 -1.73205 -1.73205
SP 1374612 0.114357   0.994062   0.102621 -0.0361864  -0.103809   0.994062 -0.0326237 0.0326237 0.0361864  0.998812 1.03923 -1.73205 -1.73205
SP 1374613 0.150177  0.994076  0.101193 -0.039655 -0.104748  0.989337 -0.101193 0.028992 0.104748 0.994076 1.03923 -1.73205 -1.73205
SP 1374634 0.150177 0.994076 0.101193 0.039655 -0.104748  0.989337  0.101193 -0.028992 -0.104748  0.994076 1.03923 -1.73205 -1.73205
SP 1374635 0.114357  0.994062  0.102621 0.0361864 -0.103809  0.994062 0.0326237 -0.0326237 -0.0361864   0.998812 1.03923 -1.73205 -1.73205
SP 1374636 0.114357  0.994062  0.103809 0.0326237  -0.102621   0.994062 -0.0361864 -0.0361864  0.0326237   0.998812 1.03923 -1.73205 -1.73205
SP 1374637 0.150177 0.994076 0.104748 0.028992 -0.101193  0.989337 -0.104748 -0.039655  0.101193  0.994076 1.03923 -1.73205 -1.73205
SP 1374659 0.150177 0.989337 0.101193 0.104748 -0.104748  0.994076  0.028992 -0.101193 -0.039655  0.994076 1.03923 -1.73205 -1.73205
SP 1374660 0.150177 0.989337 0.104748 0.101193 -0.101193  0.994076 -0.039655 -0.104748  0.028992  0.994076 1.03923 -1.73205 -1.73205
SP 1375162 0.150177  0.994076  0.039655 -0.101193 -0.028992  0.994076  0.104748  0.104748 -0.101193  0.989337 1.03923 -1.73205 -1.73205
SP 1375163 0.114357  0.994062 0.0361864 -0.102621 -0.0326237   0.998812  0.0361864   0.103809 -0.0326237   0.994062 1.03923 -1.73205 -1.73205
SP 1375164 0.114357  0.994062 0.0326237 -0.103809 -0.0361864   0.998812 -0.0326237  0.102621 0.0361864  0.994062 1.03923 -1.73205 -1.73205
SP 1375165 0.150177  0.994076  0.028992 -0.104748 -0.039655  0.994076 -0.101193 0.101193 0.104748 0.989337 1.03923 -1.73205 -1.73205
SP 1375186 0.114357   0.998812  0.0361864 -0.0326237 -0.0326237   0.994062   0.103809 0.0361864 -0.102621  0.994062 1.03923 -1.73205 -1.73205
SP 1375187 0.0597683    0.99881  0.0350822 -0.0338917 -0.0338917    0.99881  0.0350822  0.0350822 -0.0338917    0.99881 1.03923 -1.73205 -1.73205
SP 1375188 0.0597683    0.99881  0.0338917 -0.0350822 -0.0350822    0.99881 -0.0338917 0.0338917 0.0350822   0.99881 1.03923 -1.73205 -1.73205
SP 1375189 0.114357   0.998812  0.0326237 -0.0361864 -0.0361864   0.994062  -0.102621 0.0326237  0.103809  0.994062 1.03923 -1.73205 -1.73205
SP 1375210 0.114357  0.998812 0.0326237 0.0361864 -0.0361864   0.994062   0.102621 -0.0326237  -0.103809   0.994062 1.03923 -1.73205 -1.73205
SP 1375211 0.0597683   0.99881 0.0338917 0.0350822 -0.0350822    0.99881  0.0338917 -0.0338917 -0.0350822    0.99881 1.03923 -1.73205 -1.73205
SP 1375212 0.0597683   0.99881 0.0350822 0.0338917 -0.0338917    0.99881 -0.0350822 -0.0350822  0.0338917    0.99881 1.03923 -1.73205 -1.73205
SP 1375213 0.114357  0.998812 0.0361864 0.0326237 -0.0326237   0.994062  -0.103809 -0.0361864   0.102621   0.994062 1.03923 -1.73205 -1.73205
SP 1375234 0.150177 0.994076 0.028992 0.104748 -0.039655  0.994076  0.101193 -0.101193 -0.104748  0.989337 1.03923 -1.73205 -1.73205
SP 1375235 0.114357  0.994062 0.0326237  0.103809 -0.0361864   0.998812  0.0326237  -0.102621 -0.0361864   0.994062 1.03923 -1.73205 -1.73205
SP 1375236 0.114357  0.994062 0.0361864  0.102621 -0.0326237   0.998812 -0.0361864 -0.103809 0.0326237  0.994062 1.03923 -1.73205 -1.73205
SP 1375237 0.150177 0.994076 0.039655 0.101193 -0.028992  0.994076 -0.104748 -0.104748  0.101193  0.989337 1.03923 -1.73205 -1.73205
SP 1375738 0.150177  0.994076 -0.028992 -0.104748 0.039655 0.994076 0.101193  0.101193 -0.104748  0.989337 1.03923 -1.73205 -1.73205
SP 1375739 0.114357   0.994062 -0.0326237  -0.103809 0.0361864  0.998812 0.0326237   0.102621 -0.0361864   0.994062 1.03923 -1.73205 -1.73205
SP 1375740 0.114357   0.994062 -0.0361864  -0.102621  0.0326237   0.998812 -0.0361864  0.103809 0.0326237  0.994062 1.03923 -1.73205 -1.73205
SP 1375741 0.150177  0.994076 -0.039655 -0.101193  0.028992  0.994076 -0.104748 0.104748 0.101193 0.989337 1.03923 -1.73205 -1.73205
SP 1375762 0.114357   0.998812 -0.0326237 -0.0361864 0.0361864  0.994062  0.102621 0.0326237 -0.103809  0.994062 1.03923 -1.73205 -1.73205
SP 1375763 0.0597683    0.99881 -0.0338917 -0.0350822 0.0350822   0.99881 0.0338917  0.0338917 -0.0350822    0.99881 1.03923 -1.73205 -1.73205
SP 1375764 0.0597683    0.99881 -0.0350822 -0.0338917  0.0338917    0.99881 -0.0350822 0.0350822 0.0338917   0.99881 1.03923 -1.73205 -1.73205
SP 1375765 0.114357   0.998812 -0.0361864 -0.0326237 0.0326237  0.994062 -0.103809 0.0361864  0.102621  0.994062 1.03923 -1.73205 -1.73205
SP 1375786 0.114357   0.998812 -0.0361864  0.0326237 0.0326237  0.994062  0.103809 -0.0361864  -0.102621   0.994062 1.03923 -1.73205 -1.73205
SP 1375787 0.0597683    0.99881 -0.0350822  0.0338917 0.0338917   0.99881 0.0350822 -0.0350822 -0.0338917    0.99881 1.03923 -1.73205 -1.73205
SP 1375788 0.0597683    0.99881 -0.0338917  0.0350822  0.0350822    0.99881 -0.0338917 -0.0338917  0.0350822    0.99881 1.03923 -1.73205 -1.73205
SP 1375789 0.114357   0.998812 -0.0326237  0.0361864 0.0361864  0.994062 -0.102621 -0.0326237   0.103809   0.994062 1.03923 -1.73205 -1.73205
SP 1375810 0.150177  0.994076 -0.039655  0.101193 0.028992 0.994076 0.104748 -0.104748 -0.101193  0.989337 1.03923 -1.73205 -1.73205
SP 1375811 0.114357   0.994062 -0.0361864   0.102621 0.0326237  0.998812 0.0361864  -0.103809 -0.0326237   0.994062 1.03923 -1.73205 -1.73205
SP 1375812 0.114357   0.994062 -0.0326237   0.103809  0.0361864   0.998812 -0.0326237 -0.102621 0.0361864  0.994062 1.03923 -1.73205 -1.73205
SP 1375813 0.150177  0.994076 -0.028992  0.104748  0.039655  0.994076 -0.101193 -0.101193  0.104748  0.989337 1.03923 -1.73205 -1.73205
SP 1376315 0.150177  0.989337 -0.101193 -0.104748 0.104748 0.994076 0.028992  0.101193 -0.039655  0.994076 1.03923 -1.73205 -1.73205
SP 1376316 0.150177  0.989337 -0.104748 -0.101193  0.101193  0.994076 -0.039655 0.104748 0.028992 0.994076 1.03923 -1.73205 -1.73205
SP 1376338 0.150177  0.994076 -0.101193 -0.039655 0.104748 0.989337 0.101193  0.028992 -0.104748  0.994076 1.03923 -1.73205 -1.73205
SP 1376339 0.114357   0.994062  -0.102621 -0.0361864  0.103809  0.994062 0.0326237  0.0326237 -0.0361864   0.998812 1.03923 -1.73205 -1.73205
SP 1376340 0.114357   0.994062  -0.103809 -0.0326237   0.102621   0.994062 -0.0361864 0.0361864 0.0326237  0.998812 1.03923 -1.73205 -1.73205
SP 1376341 0.150177  0.994076 -0.104748 -0.028992  0.101193  0.989337 -0.104748 0.039655 0.101193 0.994076 1.03923 -1.73205 -1.73205
SP 1376362 0.150177  0.994076 -0.104748  0.028992 0.101193 0.989337 0.104748 -0.039655 -0.101193  0.994076 1.03923 -1.73205 -1.73205
SP 1376363 0.114357  0.994062 -0.103809 0.0326237  0.102621  0.994062 0.0361864 -0.0361864 -0.0326237   0.998812 1.03923 -1.73205 -1.73205
SP 1376364 0.114357  0.994062 -0.102621 0.0361864   0.103809   0.994062 -0.0326237 -0.0326237  0.0361864   0.998812 1.03923 -1.73205 -1.73205
SP 1376365 0.150177  0.994076 -0.101193  0.039655  0.104748  0.989337 -0.101193 -0.028992  0.104748  0.994076 1.03923 -1.73205 -1.73205
SP 1376387 0.150177  0.989337 -0.104748  0.101193 0.101193 0.994076 0.039655 -0.104748 -0.028992  0.994076 1.03923 -1.73205 -1.73205
SP 1376388 0.150177  0.989337 -0.101193  0.104748  0.104748  0.994076 -0.028992 -0.101193  0.039655  0.994076 1.03923 -1.73205 -1.73205
SP 1706363 0.150177  0.989337  0.104748 -0.101193 -0.101193  0.994076  0.039655  0.104748 -0.028992  0.994076 1.73205 -1.73205 -1.73205
SP 1706364 0.150177  0.989337  0.101193 -0.104748 -0.104748  0.994076 -0.028992 0.101193 0.039655 0.994076 1.73205 -1.73205 -1.73205
SP 1706386 0.150177  0.994076  0.104748 -0.028992 -0.101193  0.989337  0.104748  0.039655 -0.101193  0.994076 1.73205 -1.73205 -1.73205
SP 1706387 0.114357   0.994062   0.103809 -0.0326237 -0.102621  0.994062 0.0361864  0.0361864 -0.0326237   0.998812 1.73205 -1.73205 -1.73205
SP 1706388 0.114357   0.994062   0.102621 -0.0361864  -0.103809   0.994062 -0.0326237 0.0326237 0.0361864  0.998812 1.73205 -1.73205 -1.73205
SP 1706389 0.150177  0.994076  0.101193 -0.039655 -0.104748  0.989337 -0.101193 0.028992 0.104748 0.994076 1.73205 -1.73205 -1.73205
SP 1706410 0.150177 0.994076 0.101193 0.039655 -0.104748  0.989337  0.101193 -0.028992 -0.104748  0.994076 1.73205 -1.73205 -1.73205
SP 1706411 0.114357  0.994062  0.102621 0.0361864 -0.103809  0.994062 0.0326237 -0.0326237 -0.0361864   0.998812 1.73205 -1.73205 -1.73205
SP 1706412 0.114357  0.994062  0.103809 0.0326237  -0.102621   0.994062 -0.0361864 -0.0361864  0.0326237   0.998812 1.73205 -1.73205 -1.73205
